01110010001111001110010001011011101101001010101000000010010010000111001011010101
10111011000010101000100001001110010010010000000100111101100100000110000101001000
00000011001001111001100010110110001001001011010101011101001101110110011100110011
00000110100001111011111011011000001011111011010001011001101010001111101101101111
00110110001001011100011010001100001010100010011111101100000110001110001101101110
00000100000001000000011100010001101010100000000010011010110111110001010101110011
01110100111100001010010010010101111010001010101000000010101100001000100100111101
00000101001010010001110110110111111000010000010000011001110110000011100000111110
10001110101110111111010011001001110000001111010001001010011101011100010101000111
00000111001110111010010010011010001111110100010001000101111010100011011011100010
00110111101101100110011001010110000001010010011001000000001001111111110110001010
10000001101101011000010110100011100000000110000111111110001110111011101010100011
00000110110000010101111001111101110000001100111111110011001000010101011110110001
11101101010101111111000111000110011110001011111111111010001100001101010001000001
10110100101000001010001000001111011110111110010101011001110110110011101001111011
10000000011001001011001111010100001011001110000101010001101010011001010010100101
01110001001000000110110100010100111001110111000011111111000100010001101101111111
01101011110011100011001010010111101111111001001011110001000000110010110101000011
01111101100000011011011000000100011111110010000000010011101001011110110010010111
00010101111001000111001111101111101000110101100101111000011010100011111111000101
00110000110111100010100110110111011110001100011000101111000001010000111110000001
01001111000000100001101010101000000100011010001010001000100110011010000111110101
11010010011011101001110101101100110101110011011001100111101010101000011000110101
10110101000010010110001010101101100101010111001000001001001111111101001100100001
10110001011000000011001111010100101000010011001010100101100110011111001100111110
