10111010111111010111100100001100010111010111000101100010011101110100001010011001
10000111000111001100010000010011010011001100110101101100111000111000000100111011
00000000000000001000111001100111101001110111010101000111100010011111011111001111
01100101010011000000001111011001101000111111011000101111000011001011111100001011
10111011001001011001010110011000100100100011010010110001011011010011101011010110
01110010000010010101111101110001110001111100010111000110011110011110100101111100
00001100000100111101001110101101010010100001101010100100011111000001011000001100
10111111111010000001011011100110100000101000111110101101111110111110100110111111
11100101011111011000010010110111000101001001110010111100111001011110111110010111
00100001010111110110010000010101010001110010111000000100000100010100110001100100
01000010001100000010110101001101010100000001011111011110011110100111101110010001
11101111011110101110101111101110000110001101110000101000110110001000101101001001
11111010010110110000010001101111111010100110101110000110111001101100011000000010
11101110100101111000000010000010100111010000100000001100010001100001001100101100
00000100001011011000100101011010110100110111010000011100001110001100110001000100
01110110000111011011110000011001110100001011111100110001011000110001011000111001
11100110011110000011001101101100100010000110001111110000001100111000100110011010
01000011001110000000110111110011010101100000010010001000110011100101111010011111
01100011111010110010010000100011111110001100101111000101001111001001001101100001
00000011111101011011100000010100000101010011110101010011000010111010000011110101
01000001110010110110100100101010111110011110100000011001110011101010011011010010
10110110101100010111011001001111101100100010001100010110010010011001000100000110
00100101000000100110011101011111100110011010111110000111010001011110000100110100
10001001100011100010000011010010111000111001101111001011011100011111000110000000
00100110101101011001011011110111111100011010110010000111111001011000010001110110
